/*
  Smart Emotional Digital Clock - Final sequential-hold version (stage-based, play-once freeze)
  - SSD1306 OLED 128x64
  - DHT11
  - TTP223 touch (sequential stages)
  - NTP time (GMT+5:30)
  - WiFi Preferences + Config Portal (WebServer)
  Designed by: MD MIZANUR RAHMAN
*/

#include <ESP8266WiFi.h>
#include <ESP8266WebServer.h>
#include <EEPROM.h>

#include <Wire.h>
#include <Adafruit_SSD1306.h>
#include <Adafruit_GFX.h>
#include "time.h"
#include "DHT.h"
  
// ---------- Config ----------
#define SCREEN_WIDTH 128
#define SCREEN_HEIGHT 64
Adafruit_SSD1306 display(SCREEN_WIDTH, SCREEN_HEIGHT, &Wire, -1);

#define FRAME_DELAY 42
#define FRAME_WIDTH 32
#define FRAME_HEIGHT 32

// NOTE: On ESP8266 we map DHT pin to GPIO2 (D4 on NodeMCU)
#define DHTPIN 2
#define DHTTYPE DHT11
DHT dht(DHTPIN, DHTTYPE);

// Map touch, buzzer, reset to safe ESP8266 pins (names unchanged)
#define TOUCH_PIN 14          // TTP223 OUT -> ESP8266 GPIO14 (D5)
#define Buzzer 12             // Buzzer -> ESP8266 GPIO12 (D6)

// RESET / WiFi-portal button
#define RESET_BUTTON 0  // Long press to open WiFi setup (D3 / GPIO0). Use INPUT_PULLUP wiring (button to GND).

// NTP/timezone
const char* ntpServer = "pool.ntp.org";
const long gmtOffset_sec = 19800;  // GMT+5:30
const int daylightOffset_sec = 0;

String weekDays[7] = {"Sunday","Monday","Tuesday","Wednesday","Thursday","Friday","Saturday"};

// clock format
bool is12HourFormat = true;

// touch handling variables
unsigned long lastTouchMillis = 0;
unsigned long touchStartMillis = 0;
bool touchActive = false;
unsigned long lastReleaseTime = 0; // for double-tap detection

// thresholds (ms)
const unsigned long TAP_WINDOW = 400;
const unsigned long DEBOUNCE_MS = 50;

// Animation control
bool displayingAnimation = false;
int currentStage = 0;

// ---------- WiFi Preferences & Portal ----------
ESP8266WebServer server(80);

String ssidSaved = "";
String passSaved = "";
bool shouldStartPortal = false;
bool portalActive = false; // to avoid multiple portal starts

// ----------- HTML PAGE -----------
const char WIFI_PAGE[] PROGMEM = R"rawliteral(
<!DOCTYPE html>
<html>
<head>
  <title>WiFi Setup</title>
  <style>
    body { font-family: Arial; text-align:center; margin-top:50px; }
    input { width: 240px; padding:10px; margin:5px; font-size:18px; }
    button { padding:10px 20px; font-size:18px; }
  </style>
</head>
<body>
  <h2>Setup WiFi</h2>
  <form action="/save" method="POST">
    <input name="ssid" placeholder="Enter WiFi Name (SSID)" /><br>
    <input name="password" placeholder="Enter WiFi Password" /><br><br>
    <button type="submit">Save</button>
  </form>
</body>
</html>
)rawliteral";

// ----------- SAVE PAGE -----------
const char SAVE_PAGE[] PROGMEM = R"rawliteral(
<!DOCTYPE html>
<html>
<body style="font-family:Arial; text-align:center; margin-top:50px;">
<h2>WiFi Saved!</h2>
<p>Rebooting... Connect device to new WiFi.</p>
</body>
</html>
)rawliteral";

// ---------- EEPROM (Preferences) FUNCTIONS ----------
void saveCredentials(const String &ssid, const String &pass) {
  EEPROM.begin(512);
  // Clear a region first
  for (int i = 0; i < 200; i++) EEPROM.write(i, 0);

  int sLen = ssid.length();
  int pLen = pass.length();
  if (sLen > 64) sLen = 64; // limit
  if (pLen > 128) pLen = 128;

  EEPROM.write(0, sLen);
  for (int i = 0; i < sLen; i++) EEPROM.write(1 + i, ssid[i]);

  EEPROM.write(70, pLen);
  for (int i = 0; i < pLen; i++) EEPROM.write(71 + i, pass[i]);

  EEPROM.commit();
}

void loadCredentials() {
  EEPROM.begin(512);
  ssidSaved = "";
  passSaved = "";

  int sLen = EEPROM.read(0);
  if (sLen > 0 && sLen <= 64) {
    for (int i = 0; i < sLen; i++) {
      char c = EEPROM.read(1 + i);
      if (c) ssidSaved += c;
    }
  }

  int pLen = EEPROM.read(70);
  if (pLen > 0 && pLen <= 128) {
    for (int i = 0; i < pLen; i++) {
      char c = EEPROM.read(71 + i);
      if (c) passSaved += c;
    }
  }
}

// ---------- Function Prototypes ----------
void showWelcomeAnimation();
void showHeartEyes();
void showHeartbeat();
void showSleepy();
void enterSleepMode();
void showClockAndSensors(struct tm &timeinfo, float temp, float hum);
bool getTimeNow(struct tm &timeinfo);
bool checkContinuousTouch(unsigned long ms);
bool isPressed();
int getTouchStage(unsigned long held);

void startConfigPortal();
void showWiFiPortalMessage();

////-----All new Animation----------
//hearteye
const byte PROGMEM frames1[][128] = {
  // paste your first animation frames here (frames array you already have)
  {0,0,0,0,0,7,224,0,0,63,252,0,0,224,7,0,1,128,1,128,3,0,0,192,6,0,0,96,12,0,0,48,24,0,0,24,16,0,0,8,49,254,127,140,35,50,76,132,33,2,64,132,97,6,64,132,96,132,33,6,96,88,26,6,96,48,12,6,96,0,0,6,32,0,0,4,33,128,1,132,32,192,3,4,48,96,6,12,16,56,28,8,24,15,240,24,12,0,0,48,6,0,0,96,3,0,0,192,1,128,1,128,0,224,7,0,0,63,252,0,0,7,224,0,0,0,0,0},
  {0,0,0,0,0,7,224,0,0,63,252,0,0,224,7,0,1,128,1,128,3,0,0,192,6,0,0,96,12,0,0,48,24,0,0,24,16,204,0,8,51,254,63,140,35,51,76,132,35,3,64,132,97,2,96,132,97,134,49,6,96,204,30,6,96,112,12,6,96,0,0,6,32,0,0,4,33,128,1,132,32,192,3,4,48,96,6,12,16,56,28,8,24,15,240,24,12,0,0,48,6,0,0,96,3,0,0,192,1,128,1,128,0,224,7,0,0,63,252,0,0,7,224,0,0,0,0,0},
  {0,0,0,0,0,7,224,0,0,63,252,0,0,224,7,0,1,128,1,128,3,0,0,192,6,0,0,96,12,0,0,48,24,0,0,24,16,204,0,8,51,254,63,12,34,35,109,132,34,3,64,132,99,3,33,132,97,134,51,6,96,204,30,6,96,120,12,6,96,32,0,6,32,0,0,4,33,128,1,132,32,192,3,4,48,96,6,12,16,56,28,8,24,15,240,24,12,0,0,48,6,0,0,96,3,0,0,192,1,128,1,128,0,224,7,0,0,63,252,0,0,7,224,0,0,0,0,0},
  {0,0,0,0,0,7,224,0,0,63,252,0,0,224,7,0,1,128,1,128,3,0,0,192,6,0,0,96,12,0,0,48,24,0,0,24,17,206,0,8,51,115,63,12,34,33,63,132,34,1,96,132,98,3,33,132,97,6,51,6,97,204,30,6,96,120,12,6,96,48,0,6,32,0,0,4,33,128,1,132,32,192,3,4,48,96,6,12,16,56,28,8,24,15,240,24,12,0,0,48,6,0,0,96,3,0,0,192,1,128,1,128,0,224,7,0,0,63,252,0,0,7,224,0,0,0,0,0},
  {0,0,0,0,0,7,224,0,0,63,252,0,0,224,7,0,1,128,1,128,3,0,0,192,6,0,0,96,12,0,0,48,24,0,0,24,17,206,0,8,51,115,63,12,34,33,109,132,34,3,64,132,99,3,97,132,97,6,51,6,96,204,30,6,96,120,12,6,96,32,0,6,32,0,0,4,33,128,1,132,32,192,3,4,48,96,6,12,16,56,28,8,24,15,240,24,12,0,0,48,6,0,0,96,3,0,0,192,1,128,1,128,0,224,7,0,0,63,252,0,0,7,224,0,0,0,0,0},
  {0,0,0,0,0,7,224,0,0,63,252,0,0,224,7,0,1,128,1,128,3,0,0,192,6,0,0,96,12,0,0,48,24,0,0,24,16,204,0,8,49,254,63,140,34,51,109,132,34,3,64,132,97,2,97,132,97,134,51,6,96,204,30,6,96,120,12,6,96,0,0,6,32,0,0,4,33,128,1,132,32,192,3,4,48,96,6,12,16,56,28,8,24,15,240,24,12,0,0,48,6,0,0,96,3,0,0,192,1,128,1,128,0,224,7,0,0,63,252,0,0,7,224,0,0,0,0,0},
  {0,0,0,0,0,7,224,0,0,63,252,0,0,224,7,0,1,128,1,128,3,0,0,192,6,0,0,96,12,0,0,48,24,0,0,24,16,0,0,8,49,254,63,140,35,50,76,132,35,2,64,132,97,2,96,132,97,134,49,6,96,204,30,6,96,112,12,6,96,0,0,6,32,0,0,4,33,128,1,132,32,192,3,4,48,96,6,12,16,56,28,8,24,15,240,24,12,0,0,48,6,0,0,96,3,0,0,192,1,128,1,128,0,224,7,0,0,63,252,0,0,7,224,0,0,0,0,0},
  {0,0,0,0,0,7,224,0,0,63,252,0,0,224,7,0,1,128,1,128,3,0,0,192,6,0,0,96,12,0,0,48,24,0,0,24,16,0,0,8,49,254,127,140,35,50,76,132,33,2,64,132,97,6,64,132,96,132,33,6,96,88,26,6,96,48,12,6,96,0,0,6,32,0,0,4,33,128,1,132,32,192,3,4,48,96,6,12,16,56,28,8,24,15,240,24,12,0,0,48,6,0,0,96,3,0,0,192,1,128,1,128,0,224,7,0,0,63,252,0,0,7,224,0,0,0,0,0},
  {0,0,0,0,0,7,224,0,0,63,252,0,0,224,7,0,1,128,1,128,3,0,0,192,6,0,0,96,12,0,0,48,24,0,0,24,16,0,0,8,49,252,127,140,33,50,76,196,33,2,64,196,97,6,64,132,96,140,97,134,96,120,51,6,96,48,14,6,96,0,0,6,32,0,0,4,33,128,1,132,32,192,3,4,48,96,6,12,16,56,28,8,24,15,240,24,12,0,0,48,6,0,0,96,3,0,0,192,1,128,1,128,0,224,7,0,0,63,252,0,0,7,224,0,0,0,0,0},
  {0,0,0,0,0,7,224,0,0,63,252,0,0,224,7,0,1,128,1,128,3,0,0,192,6,0,0,96,12,0,0,48,24,0,0,24,16,0,51,8,49,252,127,140,33,182,204,68,33,2,192,68,97,134,64,132,96,204,97,134,96,120,51,6,96,48,30,6,96,0,0,6,32,0,0,4,33,128,1,132,32,192,3,4,48,96,6,12,16,56,28,8,24,15,240,24,12,0,0,48,6,0,0,96,3,0,0,192,1,128,1,128,0,224,7,0,0,63,252,0,0,7,224,0,0,0,0,0},
  {0,0,0,0,0,7,224,0,0,63,252,0,0,224,7,0,1,128,1,128,3,0,0,192,6,0,0,96,12,0,0,48,24,0,0,24,16,0,115,136,48,252,206,204,33,182,132,68,33,2,128,68,97,134,192,196,96,204,96,134,96,120,51,6,96,48,30,6,96,0,4,6,32,0,0,4,33,128,1,132,32,192,3,4,48,96,6,12,16,56,28,8,24,15,240,24,12,0,0,48,6,0,0,96,3,0,0,192,1,128,1,128,0,224,7,0,0,63,252,0,0,7,224,0,0,0,0,0},
  {0,0,0,0,0,7,224,0,0,63,252,0,0,224,7,0,1,128,1,128,3,0,0,192,6,0,0,96,12,0,0,48,24,0,0,24,16,0,115,136,48,252,206,204,33,252,132,68,33,6,128,68,97,132,192,68,96,204,96,134,96,120,51,134,96,48,30,6,96,0,12,6,32,0,0,4,33,128,1,132,32,192,3,4,48,96,6,12,16,56,28,8,24,15,240,24,12,0,0,48,6,0,0,96,3,0,0,192,1,128,1,128,0,224,7,0,0,63,252,0,0,7,224,0,0,0,0,0},
  {0,0,0,0,0,7,224,0,0,63,252,0,0,224,7,0,1,128,1,128,3,0,0,192,6,0,0,96,12,0,0,48,24,0,0,24,16,0,51,8,48,252,127,204,33,182,196,68,33,2,192,68,97,132,192,196,96,204,97,134,96,120,51,6,96,48,30,6,96,0,0,6,32,0,0,4,33,128,1,132,32,192,3,4,48,96,6,12,16,56,28,8,24,15,240,24,12,0,0,48,6,0,0,96,3,0,0,192,1,128,1,128,0,224,7,0,0,63,252,0,0,7,224,0,0,0,0,0},
  {0,0,0,0,0,7,224,0,0,63,252,0,0,224,7,0,1,128,1,128,3,0,0,192,6,0,0,96,12,0,0,48,24,0,0,24,16,0,51,8,49,252,127,140,33,50,204,196,33,2,192,196,97,6,64,132,96,140,97,134,96,120,51,6,96,48,14,6,96,0,0,6,32,0,0,4,33,128,1,132,32,192,3,4,48,96,6,12,16,56,28,8,24,15,240,24,12,0,0,48,6,0,0,96,3,0,0,192,1,128,1,128,0,224,7,0,0,63,252,0,0,7,224,0,0,0,0,0},
  {0,0,0,0,0,7,224,0,0,63,252,0,0,224,7,0,1,128,1,128,3,0,0,192,6,0,0,96,12,0,0,48,24,0,0,24,16,0,0,8,49,254,127,140,35,50,76,132,33,2,64,132,97,6,64,132,96,132,33,6,96,88,26,6,96,48,12,6,96,0,0,6,32,0,0,4,33,128,1,132,32,192,3,4,48,96,6,12,16,56,28,8,24,15,240,24,12,0,0,48,6,0,0,96,3,0,0,192,1,128,1,128,0,224,7,0,0,63,252,0,0,7,224,0,0,0,0,0},
  {0,0,0,0,0,7,224,0,0,63,252,0,0,224,7,0,1,128,1,128,3,0,0,192,6,0,0,96,12,0,0,48,24,0,0,24,16,204,0,8,51,254,63,140,35,51,76,132,35,3,64,132,97,2,96,132,97,134,49,6,96,204,30,6,96,112,12,6,96,0,0,6,32,0,0,4,33,128,1,132,32,192,3,4,48,96,6,12,16,56,28,8,24,15,240,24,12,0,0,48,6,0,0,96,3,0,0,192,1,128,1,128,0,224,7,0,0,63,252,0,0,7,224,0,0,0,0,0},
  {0,0,0,0,0,7,224,0,0,63,252,0,0,224,7,0,1,128,1,128,3,0,0,192,6,0,0,96,12,0,0,48,24,0,0,24,16,204,0,8,51,254,63,12,34,35,109,132,34,3,64,132,99,3,33,132,97,134,51,6,96,204,30,6,96,120,12,6,96,32,0,6,32,0,0,4,33,128,1,132,32,192,3,4,48,96,6,12,16,56,28,8,24,15,240,24,12,0,0,48,6,0,0,96,3,0,0,192,1,128,1,128,0,224,7,0,0,63,252,0,0,7,224,0,0,0,0,0},
  {0,0,0,0,0,7,224,0,0,63,252,0,0,224,7,0,1,128,1,128,3,0,0,192,6,0,0,96,12,0,0,48,24,0,0,24,17,206,0,8,51,115,63,12,34,33,63,132,34,1,96,132,98,3,33,132,97,6,51,6,97,204,30,6,96,120,12,6,96,48,0,6,32,0,0,4,33,128,1,132,32,192,3,4,48,96,6,12,16,56,28,8,24,15,240,24,12,0,0,48,6,0,0,96,3,0,0,192,1,128,1,128,0,224,7,0,0,63,252,0,0,7,224,0,0,0,0,0},
  {0,0,0,0,0,7,224,0,0,63,252,0,0,224,7,0,1,128,1,128,3,0,0,192,6,0,0,96,12,0,0,48,24,0,0,24,17,206,0,8,51,115,63,12,34,33,109,132,34,3,64,132,99,3,97,132,97,6,51,6,96,204,30,6,96,120,12,6,96,32,0,6,32,0,0,4,33,128,1,132,32,192,3,4,48,96,6,12,16,56,28,8,24,15,240,24,12,0,0,48,6,0,0,96,3,0,0,192,1,128,1,128,0,224,7,0,0,63,252,0,0,7,224,0,0,0,0,0},
  {0,0,0,0,0,7,224,0,0,63,252,0,0,224,7,0,1,128,1,128,3,0,0,192,6,0,0,96,12,0,0,48,24,0,0,24,16,204,0,8,49,254,63,140,34,51,109,132,34,3,64,132,97,2,97,132,97,134,51,6,96,204,30,6,96,120,12,6,96,0,0,6,32,0,0,4,33,128,1,132,32,192,3,4,48,96,6,12,16,56,28,8,24,15,240,24,12,0,0,48,6,0,0,96,3,0,0,192,1,128,1,128,0,224,7,0,0,63,252,0,0,7,224,0,0,0,0,0},
  {0,0,0,0,0,7,224,0,0,63,252,0,0,224,7,0,1,128,1,128,3,0,0,192,6,0,0,96,12,0,0,48,24,0,0,24,16,0,0,8,49,254,63,140,35,50,76,132,35,2,64,132,97,2,96,132,97,134,49,6,96,204,30,6,96,112,12,6,96,0,0,6,32,0,0,4,33,128,1,132,32,192,3,4,48,96,6,12,16,56,28,8,24,15,240,24,12,0,0,48,6,0,0,96,3,0,0,192,1,128,1,128,0,224,7,0,0,63,252,0,0,7,224,0,0,0,0,0},
  {0,0,0,0,0,7,224,0,0,63,252,0,0,224,7,0,1,128,1,128,3,0,0,192,6,0,0,96,12,0,0,48,24,0,0,24,16,0,0,8,49,254,127,140,35,50,76,132,33,2,64,132,97,6,64,132,96,132,33,6,96,88,26,6,96,48,12,6,96,0,0,6,32,0,0,4,33,128,1,132,32,192,3,4,48,96,6,12,16,56,28,8,24,15,240,24,12,0,0,48,6,0,0,96,3,0,0,192,1,128,1,128,0,224,7,0,0,63,252,0,0,7,224,0,0,0,0,0},
  {0,0,0,0,0,7,224,0,0,63,252,0,0,224,7,0,1,128,1,128,3,0,0,192,6,0,0,96,12,0,0,48,24,0,0,24,16,0,0,8,49,252,127,140,33,50,76,196,33,2,64,196,97,6,64,132,96,140,97,134,96,120,51,6,96,48,14,6,96,0,0,6,32,0,0,4,33,128,1,132,32,192,3,4,48,96,6,12,16,56,28,8,24,15,240,24,12,0,0,48,6,0,0,96,3,0,0,192,1,128,1,128,0,224,7,0,0,63,252,0,0,7,224,0,0,0,0,0},
  {0,0,0,0,0,7,224,0,0,63,252,0,0,224,7,0,1,128,1,128,3,0,0,192,6,0,0,96,12,0,0,48,24,0,0,24,16,0,51,8,49,252,127,140,33,182,204,68,33,2,192,68,97,134,64,132,96,204,97,134,96,120,51,6,96,48,30,6,96,0,0,6,32,0,0,4,33,128,1,132,32,192,3,4,48,96,6,12,16,56,28,8,24,15,240,24,12,0,0,48,6,0,0,96,3,0,0,192,1,128,1,128,0,224,7,0,0,63,252,0,0,7,224,0,0,0,0,0},
  {0,0,0,0,0,7,224,0,0,63,252,0,0,224,7,0,1,128,1,128,3,0,0,192,6,0,0,96,12,0,0,48,24,0,0,24,16,0,115,136,48,252,206,204,33,182,132,68,33,2,128,68,97,134,192,196,96,204,96,134,96,120,51,6,96,48,30,6,96,0,4,6,32,0,0,4,33,128,1,132,32,192,3,4,48,96,6,12,16,56,28,8,24,15,240,24,12,0,0,48,6,0,0,96,3,0,0,192,1,128,1,128,0,224,7,0,0,63,252,0,0,7,224,0,0,0,0,0},
  {0,0,0,0,0,7,224,0,0,63,252,0,0,224,7,0,1,128,1,128,3,0,0,192,6,0,0,96,12,0,0,48,24,0,0,24,16,0,115,136,48,252,206,204,33,252,132,68,33,6,128,68,97,132,192,68,96,204,96,134,96,120,51,134,96,48,30,6,96,0,12,6,32,0,0,4,33,128,1,132,32,192,3,4,48,96,6,12,16,56,28,8,24,15,240,24,12,0,0,48,6,0,0,96,3,0,0,192,1,128,1,128,0,224,7,0,0,63,252,0,0,7,224,0,0,0,0,0},
  {0,0,0,0,0,7,224,0,0,63,252,0,0,224,7,0,1,128,1,128,3,0,0,192,6,0,0,96,12,0,0,48,24,0,0,24,16,0,51,8,48,252,127,204,33,182,196,68,33,2,192,68,97,132,192,196,96,204,97,134,96,120,51,6,96,48,30,6,96,0,0,6,32,0,0,4,33,128,1,132,32,192,3,4,48,96,6,12,16,56,28,8,24,15,240,24,12,0,0,48,6,0,0,96,3,0,0,192,1,128,1,128,0,224,7,0,0,63,252,0,0,7,224,0,0,0,0,0},
  {0,0,0,0,0,7,224,0,0,63,252,0,0,224,7,0,1,128,1,128,3,0,0,192,6,0,0,96,12,0,0,48,24,0,0,24,16,0,51,8,49,252,127,140,33,50,204,196,33,2,192,196,97,6,64,132,96,140,97,134,96,120,51,6,96,48,14,6,96,0,0,6,32,0,0,4,33,128,1,132,32,192,3,4,48,96,6,12,16,56,28,8,24,15,240,24,12,0,0,48,6,0,0,96,3,0,0,192,1,128,1,128,0,224,7,0,0,63,252,0,0,7,224,0,0,0,0,0}
};
//heartbeat
const byte PROGMEM frames2[][128] = {
  {0,0,0,0,0,0,0,0,0,0,0,0,0,0,0,0,15,224,254,0,24,51,131,0,48,30,1,128,96,12,0,192,64,0,0,64,192,0,0,64,128,0,0,96,128,0,248,32,128,1,204,32,192,3,2,96,64,6,3,252,64,4,1,6,32,4,0,2,48,4,0,3,16,4,0,1,8,6,0,1,4,2,0,3,6,2,0,2,1,129,0,6,0,193,128,12,0,96,128,24,0,51,192,96,0,14,99,128,0,0,62,0,0,0,16,0,0,0,0,0,0,0,0,0,0,0,0,0},
  {0,0,0,0,0,0,0,0,0,0,0,0,0,0,0,0,15,224,254,0,24,51,131,0,48,30,1,128,96,12,0,192,64,0,0,64,192,0,0,64,128,0,0,96,128,0,248,32,128,1,204,32,192,3,2,96,64,6,3,252,64,4,1,6,32,4,0,2,48,4,0,3,16,4,0,1,8,6,0,1,4,2,0,3,6,2,0,2,1,129,0,6,0,193,128,12,0,96,128,24,0,51,192,96,0,14,99,128,0,0,62,0,0,0,16,0,0,0,0,0,0,0,0,0,0,0,0,0},
  {0,0,0,0,0,0,0,0,0,0,0,0,0,0,0,0,15,224,254,0,24,51,131,0,48,30,1,128,96,12,0,192,64,0,0,64,192,0,0,64,128,0,0,96,128,0,248,32,128,1,204,32,192,3,2,96,64,6,3,252,64,4,1,6,32,4,0,2,48,4,0,3,16,4,0,1,8,6,0,1,4,2,0,3,6,2,0,2,1,129,0,6,0,193,128,12,0,96,128,24,0,51,192,96,0,14,99,128,0,0,62,0,0,0,16,0,0,0,0,0,0,0,0,0,0,0,0,0},
  {0,0,0,0,0,0,0,0,0,0,0,0,0,0,0,0,15,224,254,0,24,51,131,0,48,30,1,128,96,12,0,192,64,0,0,64,192,0,0,64,128,0,0,96,128,0,248,32,128,1,204,32,192,3,2,96,64,6,3,252,64,4,1,6,32,4,0,2,48,4,0,3,16,4,0,1,8,6,0,1,4,2,0,3,6,2,0,2,1,129,0,6,0,193,128,12,0,96,128,24,0,51,192,96,0,14,99,128,0,0,62,0,0,0,16,0,0,0,0,0,0,0,0,0,0,0,0,0},
  {0,0,0,0,0,0,0,0,0,0,0,0,0,0,0,0,15,224,254,0,24,51,131,0,48,30,1,128,96,12,0,192,64,0,0,64,192,0,0,64,128,0,0,96,128,0,248,32,128,1,204,32,192,3,2,96,64,6,3,248,64,6,1,4,32,4,0,2,48,4,0,3,16,6,0,3,8,6,0,3,4,2,0,3,6,3,0,2,1,129,0,6,0,193,128,12,0,96,192,56,0,51,192,224,0,14,103,128,0,0,60,0,0,0,0,0,0,0,0,0,0,0,0,0,0,0,0,0},
  {0,0,0,0,0,0,0,0,0,0,0,0,0,0,0,0,15,224,254,0,24,51,131,0,48,30,1,128,96,12,0,192,64,0,0,64,192,0,0,64,128,0,0,96,128,0,112,32,128,1,252,32,192,3,2,96,64,2,3,248,64,6,1,4,32,6,0,6,48,6,0,2,16,6,0,3,8,2,0,3,4,2,0,2,6,3,0,6,1,129,0,4,0,193,128,12,0,96,192,56,0,51,192,224,0,14,103,128,0,0,60,0,0,0,0,0,0,0,0,0,0,0,0,0,0,0,0,0},
  {0,0,0,0,0,0,0,0,0,0,0,0,0,0,0,0,7,192,252,0,15,241,254,0,56,27,3,128,32,14,0,128,96,4,0,192,64,0,0,64,192,0,0,64,192,0,112,96,192,1,252,64,64,3,6,64,64,2,3,248,96,2,1,12,32,6,0,6,48,6,0,2,24,2,0,2,12,2,0,3,6,2,0,2,3,3,0,6,1,129,128,4,0,192,128,12,0,113,192,48,0,27,97,224,0,12,39,128,0,0,60,0,0,0,0,0,0,0,0,0,0,0,0,0,0,0,0,0},
  {0,0,0,0,0,0,0,0,0,0,0,0,0,0,0,0,3,192,112,0,15,241,254,0,24,27,3,0,48,14,1,128,96,4,0,128,64,0,0,192,64,0,0,64,64,0,48,64,64,0,252,64,64,1,6,64,64,3,3,248,96,2,1,12,32,2,0,6,16,2,0,2,24,2,0,2,12,2,0,2,6,2,0,2,3,1,0,6,1,129,128,12,0,224,128,24,0,49,192,112,0,31,97,224,0,4,39,128,0,0,28,0,0,0,0,0,0,0,0,0,0,0,0,0,0,0,0,0},
  {0,0,0,0,0,0,0,0,0,0,0,0,0,0,0,0,0,0,0,0,7,224,252,0,28,59,134,0,48,14,1,0,32,4,1,128,96,0,0,128,64,0,0,192,64,0,0,64,64,0,252,64,96,1,134,192,96,3,3,240,32,2,3,140,48,2,0,4,16,2,0,2,8,2,0,2,4,2,0,2,6,3,0,2,1,1,0,6,0,193,128,12,0,96,128,24,0,51,192,112,0,14,97,192,0,4,63,0,0,0,24,0,0,0,0,0,0,0,0,0,0,0,0,0,0,0,0,0},
  {0,0,0,0,0,0,0,0,0,0,0,0,0,0,0,0,0,0,0,0,3,224,248,0,14,115,206,0,24,30,3,0,48,4,1,128,32,0,0,128,32,0,0,128,96,0,48,192,96,0,252,192,32,1,6,192,32,2,3,248,32,2,1,12,16,6,0,6,24,6,0,2,12,2,0,2,6,2,0,2,3,2,0,2,1,129,0,6,0,193,128,12,0,97,128,24,0,27,192,48,0,14,97,224,0,0,39,128,0,0,28,0,0,0,0,0,0,0,0,0,0,0,0,0,0,0,0,0},
  {0,0,0,0,0,0,0,0,0,0,0,0,0,0,0,0,0,0,0,0,1,192,112,0,7,241,252,0,24,31,2,0,16,12,1,0,32,0,1,128,32,0,0,128,32,0,112,128,32,1,252,128,32,3,6,128,32,2,3,248,48,6,1,12,16,6,0,6,24,6,0,2,12,6,0,3,6,2,0,3,3,2,0,2,1,131,0,6,0,193,0,4,0,49,128,12,0,31,192,48,0,12,97,224,0,0,39,128,0,0,60,0,0,0,0,0,0,0,0,0,0,0,0,0,0,0,0,0},
  {0,0,0,0,0,0,0,0,0,0,0,0,0,0,0,0,0,0,0,0,7,225,252,0,12,59,134,0,16,14,3,0,48,4,1,128,32,0,0,128,96,0,0,128,64,0,120,192,96,1,204,192,96,3,2,192,32,2,3,248,32,6,1,4,16,4,0,2,24,4,0,3,12,6,0,3,6,6,0,3,3,2,0,3,1,131,0,2,0,193,0,6,0,97,128,12,0,27,192,56,0,14,64,224,0,0,103,128,0,0,60,0,0,0,0,0,0,0,0,0,0,0,0,0,0,0,0,0},
  {0,0,0,0,0,0,0,0,0,0,0,0,0,0,0,0,0,0,0,0,15,241,252,0,24,27,3,0,48,14,1,128,96,4,0,128,96,0,0,192,64,0,0,64,64,0,248,64,64,1,204,64,64,3,2,64,96,6,3,252,32,4,1,6,48,4,0,2,16,4,0,3,24,4,0,1,12,6,0,1,6,2,0,3,3,2,0,2,1,193,0,6,0,97,128,12,0,51,128,24,0,31,192,96,0,4,99,128,0,0,62,0,0,0,16,0,0,0,0,0,0,0,0,0,0,0,0,0},
  {0,0,0,0,0,0,0,0,0,0,0,0,0,0,0,0,3,192,112,0,15,241,254,0,56,27,3,0,32,14,0,128,96,4,0,192,64,0,0,64,192,0,0,64,192,0,120,64,64,1,204,64,64,3,2,96,64,2,3,248,96,6,1,4,32,4,0,2,48,4,0,3,24,6,0,3,12,6,0,3,6,2,0,3,3,3,0,2,1,129,0,6,0,225,128,12,0,49,192,56,0,27,64,224,0,12,103,128,0,0,60,0,0,0,0,0,0,0,0,0,0,0,0,0,0,0,0,0},
  {0,0,0,0,0,0,0,0,0,0,0,0,0,0,0,0,15,224,254,0,24,51,131,0,48,30,1,128,96,12,0,192,64,0,0,64,192,0,0,64,128,0,0,96,128,0,112,32,128,1,252,32,192,3,6,96,64,2,3,248,64,6,1,12,32,6,0,6,48,6,0,2,16,6,0,3,8,2,0,3,4,2,0,2,6,3,0,6,1,129,0,4,0,193,128,12,0,96,192,48,0,51,225,224,0,14,39,128,0,0,60,0,0,0,0,0,0,0,0,0,0,0,0,0,0,0,0,0},
  {0,0,0,0,0,0,0,0,0,0,0,0,0,0,0,0,3,192,112,0,15,241,254,0,56,27,3,0,32,14,0,128,96,4,0,192,64,0,0,64,192,0,0,64,192,0,48,64,64,0,252,64,64,1,6,64,64,2,3,248,96,2,1,12,32,6,0,6,48,6,0,2,24,2,0,2,12,2,0,2,6,2,0,2,3,1,0,6,1,129,128,12,0,224,128,24,0,49,192,48,0,27,97,224,0,12,39,128,0,0,28,0,0,0,0,0,0,0,0,0,0,0,0,0,0,0,0,0},
  {0,0,0,0,0,0,0,0,0,0,0,0,0,0,0,0,0,0,0,0,15,241,252,0,24,27,3,0,48,14,1,128,96,4,0,128,96,0,0,192,64,0,0,64,64,0,0,64,64,0,252,64,64,1,134,64,96,3,3,240,32,2,3,140,48,2,0,4,16,2,0,2,24,2,0,2,12,2,0,2,6,3,0,2,3,1,0,6,1,193,128,12,0,96,128,24,0,51,192,112,0,31,97,192,0,4,63,0,0,0,24,0,0,0,0,0,0,0,0,0,0,0,0,0,0,0,0,0},
  {0,0,0,0,0,0,0,0,0,0,0,0,0,0,0,0,0,0,0,0,7,225,252,0,12,59,134,0,16,14,3,0,48,4,1,128,32,0,0,128,96,0,0,128,64,0,48,192,96,0,252,192,96,1,6,192,32,3,3,248,32,2,1,12,16,2,0,6,24,2,0,2,12,2,0,2,6,2,0,2,3,2,0,2,1,129,0,6,0,193,128,12,0,97,128,24,0,27,192,112,0,14,97,224,0,0,39,128,0,0,28,0,0,0,0,0,0,0,0,0,0,0,0,0,0,0,0,0},
  {0,0,0,0,0,0,0,0,0,0,0,0,0,0,0,0,0,0,0,0,1,192,112,0,7,241,252,0,24,31,2,0,16,12,1,0,32,0,1,128,32,0,0,128,32,0,112,128,32,1,252,128,32,3,6,128,32,2,3,248,48,2,1,12,16,6,0,6,24,6,0,2,12,2,0,2,6,2,0,3,3,2,0,2,1,131,0,6,0,193,128,4,0,49,128,12,0,31,192,48,0,12,97,224,0,0,39,128,0,0,60,0,0,0,0,0,0,0,0,0,0,0,0,0,0,0,0,0},
  {0,0,0,0,0,0,0,0,0,0,0,0,0,0,0,0,0,0,0,0,3,224,248,0,14,115,206,0,24,30,3,0,48,4,1,128,32,0,0,128,32,0,0,128,96,0,112,192,96,1,252,192,32,3,2,192,32,2,3,248,32,6,1,4,16,6,0,6,24,6,0,2,12,6,0,3,6,2,0,3,3,2,0,2,1,131,0,6,0,193,0,4,0,97,128,12,0,27,192,56,0,14,64,224,0,0,103,128,0,0,60,0,0,0,0,0,0,0,0,0,0,0,0,0,0,0,0,0},
  {0,0,0,0,0,0,0,0,0,0,0,0,0,0,0,0,0,0,0,0,7,224,252,0,28,59,134,0,48,14,1,0,32,4,1,128,96,0,0,128,64,0,0,192,64,0,248,64,64,1,204,64,96,3,2,192,96,6,3,248,32,6,1,4,48,4,0,2,16,4,0,3,8,6,0,3,4,6,0,3,6,2,0,3,1,3,0,2,0,193,0,6,0,97,128,12,0,51,128,56,0,14,64,224,0,4,103,128,0,0,60,0,0,0,0,0,0,0,0,0,0,0,0,0,0,0,0,0},
  {0,0,0,0,0,0,0,0,0,0,0,0,0,0,0,0,3,192,112,0,15,241,254,0,24,27,3,0,48,14,1,128,96,4,0,128,64,0,0,192,64,0,0,64,64,0,248,64,64,1,204,64,64,3,2,96,64,6,3,252,96,4,1,6,32,4,0,2,16,4,0,3,24,4,0,1,12,6,0,1,6,2,0,3,3,2,0,2,1,129,0,6,0,225,128,12,0,49,128,24,0,31,192,96,0,4,99,128,0,0,62,0,0,0,16,0,0,0,0,0,0,0,0,0,0,0,0,0},
  {0,0,0,0,0,0,0,0,0,0,0,0,0,0,0,0,7,192,252,0,15,241,254,0,56,27,3,128,32,14,0,128,96,4,0,192,64,0,0,64,192,0,0,64,192,0,248,96,192,1,204,64,64,3,2,96,64,6,3,252,96,4,1,6,32,4,0,2,48,4,0,3,24,4,0,1,12,6,0,1,6,2,0,3,3,2,0,2,1,129,0,6,0,193,128,12,0,113,128,24,0,27,192,96,0,12,99,128,0,0,62,0,0,0,16,0,0,0,0,0,0,0,0,0,0,0,0,0},
  {0,0,0,0,0,0,0,0,0,0,0,0,0,0,0,0,15,224,254,0,24,51,131,0,48,30,1,128,96,12,0,192,64,0,0,64,192,0,0,64,128,0,0,96,128,0,248,32,128,1,204,32,192,3,2,96,64,6,3,252,64,4,1,6,32,4,0,2,48,4,0,3,16,4,0,1,8,6,0,1,4,2,0,3,6,2,0,2,1,129,0,6,0,193,128,12,0,96,128,24,0,51,192,96,0,14,99,128,0,0,62,0,0,0,16,0,0,0,0,0,0,0,0,0,0,0,0,0},
  {0,0,0,0,0,0,0,0,0,0,0,0,0,0,0,0,15,224,254,0,24,51,131,0,48,30,1,128,96,12,0,192,64,0,0,64,192,0,0,64,128,0,0,96,128,0,248,32,128,1,204,32,192,3,2,96,64,6,3,252,64,4,1,6,32,4,0,2,48,4,0,3,16,4,0,1,8,6,0,1,4,2,0,3,6,2,0,2,1,129,0,6,0,193,128,12,0,96,128,24,0,51,192,96,0,14,99,128,0,0,62,0,0,0,16,0,0,0,0,0,0,0,0,0,0,0,0,0},
  {0,0,0,0,0,0,0,0,0,0,0,0,0,0,0,0,15,224,254,0,24,51,131,0,48,30,1,128,96,12,0,192,64,0,0,64,192,0,0,64,128,0,0,96,128,0,248,32,128,1,204,32,192,3,2,96,64,6,3,252,64,4,1,6,32,4,0,2,48,4,0,3,16,4,0,1,8,6,0,1,4,2,0,3,6,2,0,2,1,129,0,6,0,193,128,12,0,96,128,24,0,51,192,96,0,14,99,128,0,0,62,0,0,0,16,0,0,0,0,0,0,0,0,0,0,0,0,0},
  {0,0,0,0,0,0,0,0,0,0,0,0,0,0,0,0,15,224,254,0,24,51,131,0,48,30,1,128,96,12,0,192,64,0,0,64,192,0,0,64,128,0,0,96,128,0,248,32,128,1,204,32,192,3,2,96,64,6,3,252,64,4,1,6,32,4,0,2,48,4,0,3,16,4,0,1,8,6,0,1,4,2,0,3,6,2,0,2,1,129,0,6,0,193,128,12,0,96,128,24,0,51,192,96,0,14,99,128,0,0,62,0,0,0,16,0,0,0,0,0,0,0,0,0,0,0,0,0},
  {0,0,0,0,0,0,0,0,0,0,0,0,0,0,0,0,15,224,254,0,24,51,131,0,48,30,1,128,96,12,0,192,64,0,0,64,192,0,0,64,128,0,0,96,128,0,248,32,128,1,204,32,192,3,2,96,64,6,3,252,64,4,1,6,32,4,0,2,48,4,0,3,16,4,0,1,8,6,0,1,4,2,0,3,6,2,0,2,1,129,0,6,0,193,128,12,0,96,128,24,0,51,192,96,0,14,99,128,0,0,62,0,0,0,16,0,0,0,0,0,0,0,0,0,0,0,0,0}
};
const byte PROGMEM frames3[][128] = {
  {0,0,0,0,0,7,224,0,0,63,252,0,0,224,7,0,1,128,1,128,3,0,0,192,6,0,0,96,12,0,0,48,24,0,0,24,16,0,0,8,49,249,159,140,63,255,255,252,63,254,127,252,127,254,127,252,127,254,127,254,111,254,127,246,111,254,127,246,103,252,63,230,33,248,31,132,32,0,0,4,32,0,0,4,48,0,0,140,16,0,3,8,24,16,14,24,12,15,248,48,6,0,192,96,3,0,0,192,1,128,1,128,0,224,7,0,0,63,252,0,0,7,224,0,0,0,0,0},
  {0,0,0,0,0,7,224,0,0,63,252,0,0,224,7,0,1,128,1,128,3,0,0,192,6,0,0,96,12,0,0,48,24,0,0,24,16,0,0,8,49,249,159,140,63,255,255,252,63,254,127,252,127,254,127,252,127,254,127,254,111,254,127,246,111,254,127,246,103,252,63,230,33,248,31,132,32,0,0,4,32,0,0,4,48,0,0,140,16,0,3,8,24,16,14,24,12,15,248,48,6,0,192,96,3,0,0,192,1,128,1,128,0,224,7,0,0,63,252,0,0,7,224,0,0,0,0,0},
  {0,0,0,0,0,7,224,0,0,63,252,0,0,224,7,0,1,128,1,128,3,0,0,192,6,0,0,96,12,0,0,48,24,0,0,24,16,0,0,8,49,249,159,140,63,255,255,252,63,254,127,252,127,254,127,252,127,254,127,254,111,254,127,246,111,254,127,246,103,252,63,230,33,248,31,132,32,0,0,4,32,0,0,4,48,0,0,140,16,0,3,8,24,16,14,24,12,15,248,48,6,0,192,96,3,0,0,192,1,128,1,128,0,224,7,0,0,63,252,0,0,7,224,0,0,0,0,0},
  {0,0,0,0,0,7,224,0,0,63,252,0,0,224,7,0,1,128,1,128,3,0,0,192,6,0,0,96,12,0,0,48,24,0,0,24,16,0,0,8,49,249,159,140,63,255,255,252,63,254,127,252,127,254,127,252,127,254,127,254,111,254,127,246,111,254,127,246,103,252,63,230,33,248,31,132,32,0,0,4,32,0,0,4,48,0,0,140,16,0,3,8,24,16,14,24,12,15,248,48,6,0,192,96,3,0,0,192,1,128,1,128,0,224,7,0,0,63,252,0,0,7,224,0,0,0,0,0},
  {0,0,0,0,0,7,224,0,0,63,252,0,0,224,7,0,1,128,1,128,3,0,0,192,6,0,0,96,12,0,7,240,31,255,255,252,63,254,127,252,63,254,127,252,63,254,127,252,63,254,127,244,111,254,127,244,111,252,63,230,103,248,31,198,97,224,0,6,96,0,0,6,32,0,0,4,32,0,0,4,32,0,0,4,48,0,0,140,16,0,3,8,24,16,14,24,12,15,248,48,6,0,192,96,3,0,0,192,1,128,1,128,0,224,7,0,0,63,252,0,0,7,224,0,0,0,0,0},
  {0,0,0,0,0,7,224,0,0,63,252,0,0,224,7,0,1,128,7,192,7,251,255,252,31,255,255,248,63,254,127,248,31,254,127,248,31,254,127,248,63,254,127,252,47,254,63,228,39,252,31,196,99,248,30,4,96,120,30,6,96,48,12,6,96,0,0,6,96,0,0,6,32,0,0,4,32,0,0,4,32,0,0,4,48,0,0,140,16,0,3,8,24,16,14,24,12,15,248,48,6,0,192,96,3,0,0,192,1,128,1,128,0,224,7,0,0,63,252,0,0,7,224,0,0,0,0,0},
  {0,0,0,0,0,7,224,0,0,63,255,240,0,251,255,252,15,255,255,248,63,254,255,248,63,254,127,248,31,254,127,240,31,254,127,248,31,254,63,232,55,252,31,204,35,248,0,4,32,112,12,4,96,120,30,4,96,120,30,6,96,48,12,6,96,0,0,6,96,0,0,6,32,0,0,4,32,0,0,4,32,0,0,4,48,0,0,140,16,0,3,8,24,16,14,24,12,15,248,48,6,0,192,96,3,0,0,192,1,128,1,128,0,224,7,0,0,63,252,0,0,7,224,0,0,0,0,0},
  {0,0,0,0,0,7,255,248,0,127,255,248,7,255,255,248,63,254,255,248,63,254,127,240,31,254,127,240,31,254,127,240,31,254,63,216,31,252,31,8,55,248,0,12,33,224,0,4,32,48,12,4,96,120,30,4,96,120,30,6,96,48,12,6,96,0,0,6,96,0,0,6,32,0,0,4,32,0,0,4,32,0,0,4,48,0,0,140,16,0,3,8,24,16,14,24,12,15,248,48,6,0,192,96,3,0,0,192,1,128,1,128,0,224,7,0,0,63,252,0,0,7,224,0,0,0,0,0},
  {0,0,0,0,0,7,255,248,0,127,255,248,7,255,255,248,63,254,255,248,63,254,127,240,31,254,127,240,31,254,127,240,31,254,63,216,31,252,31,8,55,248,0,12,33,224,0,4,32,48,12,4,96,120,30,4,96,120,30,6,96,48,12,6,96,0,0,6,96,0,0,6,32,0,0,4,32,0,0,4,32,0,0,4,48,0,0,140,16,0,3,8,24,16,14,24,12,15,248,48,6,0,192,96,3,0,0,192,1,128,1,128,0,224,7,0,0,63,252,0,0,7,224,0,0,0,0,0},
  {0,0,0,0,0,7,255,248,0,127,255,248,7,255,255,248,63,254,255,248,63,254,127,240,31,254,127,240,31,254,127,240,31,254,63,216,31,252,31,8,55,248,0,12,33,224,0,4,32,48,0,4,96,120,30,4,96,120,30,6,96,48,0,6,96,0,0,6,96,0,0,6,32,0,0,4,32,0,0,36,32,0,0,68,48,0,0,140,16,0,3,8,24,0,14,24,12,7,248,48,6,1,192,96,3,0,0,192,1,128,1,128,0,224,7,0,0,63,252,0,0,7,224,0,0,0,0,0},
  {0,0,0,0,0,7,255,248,0,127,255,248,7,255,255,248,63,254,255,248,63,254,127,240,31,254,127,240,31,254,127,240,31,254,63,216,31,252,31,8,55,248,0,12,33,224,0,4,32,48,0,4,96,120,0,4,96,120,14,6,96,48,0,6,96,0,0,6,96,0,0,6,32,0,0,36,32,0,0,100,32,0,0,68,48,0,0,140,16,0,3,8,24,0,14,24,12,3,248,48,6,1,192,96,3,0,0,192,1,128,1,128,0,224,7,0,0,63,252,0,0,7,224,0,0,0,0,0},
  {0,0,0,0,0,7,255,248,0,127,255,248,7,255,255,248,63,254,255,248,63,254,127,240,31,254,127,240,31,254,127,240,31,254,63,216,31,252,31,8,55,248,0,12,33,224,0,4,32,48,0,4,96,120,0,4,96,120,14,6,96,48,0,6,96,0,0,6,96,0,0,6,32,0,0,36,32,0,0,100,32,0,0,68,48,0,0,140,16,0,3,8,24,0,14,24,12,3,248,48,6,1,192,96,3,0,0,192,1,128,1,128,0,224,7,0,0,63,252,0,0,7,224,0,0,0,0,0},
  {0,0,0,0,0,7,255,248,0,127,255,248,7,255,255,248,63,254,255,248,63,254,127,240,31,254,127,240,31,254,127,240,31,254,63,216,31,252,31,8,55,248,0,12,33,224,0,4,32,48,0,4,96,120,0,4,96,120,14,6,96,48,0,6,96,0,0,6,96,0,0,6,32,0,0,36,32,0,0,100,32,0,0,68,48,0,0,140,16,0,3,8,24,0,14,24,12,3,248,48,6,1,192,96,3,0,0,192,1,128,1,128,0,224,7,0,0,63,252,0,0,7,224,0,0,0,0,0},
  {0,0,0,0,0,7,255,248,0,127,255,248,7,255,255,248,63,254,255,248,63,254,127,240,31,254,127,240,31,254,127,240,31,254,63,216,31,252,31,8,55,248,0,12,33,224,0,4,32,48,0,4,96,120,0,4,96,120,14,6,96,48,0,6,96,0,0,6,96,0,0,6,32,0,0,36,32,0,0,100,32,0,0,68,48,0,0,140,16,0,3,8,24,0,14,24,12,3,248,48,6,1,192,96,3,0,0,192,1,128,1,128,0,224,7,0,0,63,252,0,0,7,224,0,0,0,0,0},
  {0,0,0,0,0,7,255,248,0,127,255,248,7,255,255,248,63,254,255,248,63,254,127,240,31,254,127,240,31,254,127,240,31,254,63,216,31,252,31,8,55,248,0,12,33,224,0,4,32,48,0,4,96,120,0,4,96,120,14,6,96,48,0,6,96,0,0,6,96,0,0,6,32,0,0,36,32,0,0,100,32,0,0,68,48,0,0,140,16,0,3,8,24,0,14,24,12,3,248,48,6,1,192,96,3,0,0,192,1,128,1,128,0,224,7,0,0,63,252,0,0,7,224,0,0,0,0,0},
  {0,0,0,0,0,7,255,248,0,127,255,248,7,255,255,248,63,254,255,248,63,254,127,240,31,254,127,240,31,254,127,240,31,254,63,216,31,252,31,8,55,248,0,12,33,224,0,4,32,48,0,4,96,120,0,4,96,120,14,6,96,48,0,6,96,0,0,6,96,0,0,6,32,0,0,36,32,0,0,100,32,0,0,68,48,0,0,140,16,0,3,8,24,0,14,24,12,3,248,48,6,1,192,96,3,0,0,192,1,128,1,128,0,224,7,0,0,63,252,0,0,7,224,0,0,0,0,0},
  {0,0,0,0,0,7,255,248,0,127,255,248,7,255,255,248,63,254,255,248,63,254,127,240,31,254,127,240,31,254,127,240,31,254,63,216,31,252,31,8,55,248,0,12,33,224,0,4,32,48,0,4,96,120,30,4,96,120,30,6,96,48,0,6,96,0,0,6,96,0,0,6,32,0,0,4,32,0,0,4,32,0,0,68,48,0,0,140,16,0,3,8,24,0,14,24,12,15,248,48,6,3,192,96,3,0,0,192,1,128,1,128,0,224,7,0,0,63,252,0,0,7,224,0,0,0,0,0},
  {0,0,0,0,0,7,224,0,0,63,252,0,0,224,7,0,1,128,1,192,3,1,191,252,15,255,255,248,63,254,255,248,63,254,127,248,31,254,127,248,63,254,127,252,63,254,63,228,47,252,63,196,103,252,30,4,97,248,30,6,96,48,12,6,96,0,0,6,96,0,0,6,32,0,0,4,32,0,0,4,32,0,0,4,48,0,0,140,16,0,3,8,24,16,14,24,12,15,248,48,6,0,192,96,3,0,0,192,1,128,1,128,0,224,7,0,0,63,252,0,0,7,224,0,0,0,0,0},
  {0,0,0,0,0,7,224,0,0,63,252,0,0,224,7,0,1,128,1,128,3,0,0,192,6,0,0,96,12,0,0,48,24,0,31,248,31,255,255,252,63,254,255,252,63,254,127,252,63,254,127,252,127,254,127,244,111,254,127,246,111,252,63,230,103,252,15,134,97,224,0,6,32,0,0,4,32,0,0,4,32,0,0,4,48,0,0,140,16,0,3,8,24,16,14,24,12,15,248,48,6,0,192,96,3,0,0,192,1,128,1,128,0,224,7,0,0,63,252,0,0,7,224,0,0,0,0,0},
  {0,0,0,0,0,7,224,0,0,63,252,0,0,224,7,0,1,128,1,128,3,0,0,192,6,0,0,96,12,0,0,48,24,0,0,24,16,0,0,8,48,0,0,12,33,249,255,252,63,255,255,252,127,254,127,252,127,254,127,254,127,254,127,254,111,254,127,246,111,254,127,230,39,252,63,228,33,248,15,132,32,0,0,4,48,0,0,140,16,0,3,8,24,16,14,24,12,15,248,48,6,0,192,96,3,0,0,192,1,128,1,128,0,224,7,0,0,63,252,0,0,7,224,0,0,0,0,0},
  {0,0,0,0,0,7,224,0,0,63,252,0,0,224,7,0,1,128,1,128,3,0,0,192,6,0,0,96,12,0,0,48,24,0,0,24,16,0,0,8,48,0,0,12,32,0,0,4,35,249,159,196,127,255,255,252,127,254,127,254,127,254,127,254,127,254,127,254,111,254,127,246,47,254,127,244,39,252,63,228,33,240,15,132,48,0,0,140,16,0,3,8,24,16,14,24,12,15,248,48,6,0,192,96,3,0,0,192,1,128,1,128,0,224,7,0,0,63,252,0,0,7,224,0,0,0,0,0},
  {0,0,0,0,0,7,224,0,0,63,252,0,0,224,7,0,1,128,1,128,3,0,0,192,6,0,0,96,12,0,0,48,24,0,0,24,16,0,0,8,49,249,159,140,63,255,255,252,63,254,127,252,127,254,127,252,127,254,127,254,111,254,127,246,111,254,127,246,103,252,63,230,33,248,31,132,32,0,0,4,32,0,0,4,48,0,0,140,16,0,3,8,24,16,14,24,12,15,248,48,6,0,192,96,3,0,0,192,1,128,1,128,0,224,7,0,0,63,252,0,0,7,224,0,0,0,0,0},
  {0,0,0,0,0,7,224,0,0,63,252,0,0,224,7,0,1,128,1,128,3,0,0,192,6,0,0,96,12,0,0,48,24,0,0,24,16,0,0,8,49,249,159,140,63,255,255,252,63,254,127,252,127,254,127,252,127,254,127,254,111,254,127,246,111,254,127,246,103,252,63,230,33,248,31,132,32,0,0,4,32,0,0,4,48,0,0,140,16,0,3,8,24,16,14,24,12,15,248,48,6,0,192,96,3,0,0,192,1,128,1,128,0,224,7,0,0,63,252,0,0,7,224,0,0,0,0,0},
  {0,0,0,0,0,7,224,0,0,63,252,0,0,224,7,0,1,128,1,128,3,0,0,192,6,0,0,96,12,0,0,48,24,0,0,24,16,0,0,8,49,249,159,140,63,255,255,252,63,254,127,252,127,254,127,252,127,254,127,254,111,254,127,246,111,254,127,246,103,252,63,230,33,248,31,132,32,0,0,4,32,0,0,4,48,0,0,140,16,0,3,8,24,16,14,24,12,15,248,48,6,0,192,96,3,0,0,192,1,128,1,128,0,224,7,0,0,63,252,0,0,7,224,0,0,0,0,0},
  {0,0,0,0,0,7,224,0,0,63,252,0,0,224,7,0,1,128,1,128,3,0,0,192,6,0,0,96,12,0,0,48,24,0,0,24,16,0,0,8,49,249,159,140,63,255,255,252,63,254,127,252,127,254,127,252,127,254,127,254,111,254,127,246,111,254,127,246,103,252,63,230,33,248,31,132,32,0,0,4,32,0,0,4,48,0,0,140,16,0,3,8,24,16,14,24,12,15,248,48,6,0,192,96,3,0,0,192,1,128,1,128,0,224,7,0,0,63,252,0,0,7,224,0,0,0,0,0},
  {0,0,0,0,0,7,224,0,0,63,252,0,0,224,7,0,1,128,1,128,3,0,0,192,6,0,0,96,12,0,0,48,24,0,0,24,16,0,0,8,49,249,159,140,63,255,255,252,63,254,127,252,127,254,127,252,127,254,127,254,111,254,127,246,111,254,127,246,103,252,63,230,33,248,31,132,32,0,0,4,32,0,0,4,48,0,0,140,16,0,3,8,24,16,14,24,12,15,248,48,6,0,192,96,3,0,0,192,1,128,1,128,0,224,7,0,0,63,252,0,0,7,224,0,0,0,0,0},
  {0,0,0,0,0,7,224,0,0,63,252,0,0,224,7,0,1,128,1,128,3,0,0,192,6,0,0,96,12,0,0,48,24,0,0,24,16,0,0,8,49,249,159,140,63,255,255,252,63,254,127,252,127,254,127,252,127,254,127,254,111,254,127,246,111,254,127,246,103,252,63,230,33,248,31,132,32,0,0,4,32,0,0,4,48,0,0,140,16,0,3,8,24,16,14,24,12,15,248,48,6,0,192,96,3,0,0,192,1,128,1,128,0,224,7,0,0,63,252,0,0,7,224,0,0,0,0,0},
  {0,0,0,0,0,7,224,0,0,63,252,0,0,224,7,0,1,128,1,128,3,0,0,192,6,0,0,96,12,0,0,48,24,0,0,24,16,0,0,8,49,249,159,140,63,255,255,252,63,254,127,252,127,254,127,252,127,254,127,254,111,254,127,246,111,254,127,246,103,252,63,230,33,248,31,132,32,0,0,4,32,0,0,4,48,0,0,140,16,0,3,8,24,16,14,24,12,15,248,48,6,0,192,96,3,0,0,192,1,128,1,128,0,224,7,0,0,63,252,0,0,7,224,0,0,0,0,0}
};

void playAnimation(const byte anim[][128], int frameCount) {
  for (int i = 0; i < frameCount; i++) {
    display.clearDisplay();
    display.drawBitmap(48, 16, anim[i], FRAME_WIDTH, FRAME_HEIGHT, SSD1306_WHITE);
    display.display();
    delay(FRAME_DELAY);
  }
}




// ---------- Setup ----------
void setup() {
  Serial.begin(115200);

  pinMode(TOUCH_PIN, INPUT);
  pinMode(Buzzer, OUTPUT);

  // Reset button as input pullup
  pinMode(RESET_BUTTON, INPUT_PULLUP);

  dht.begin();

  if (!display.begin(SSD1306_SWITCHCAPVCC, 0x3C)) {
    Serial.println("SSD1306 allocation failed");
    for (;;);
  }

  display.clearDisplay();
  display.setTextSize(1);
  display.setTextColor(SSD1306_WHITE);
  display.setCursor(0, 0);
  display.println("Initializing...");
  display.display();

  // Read saved WiFi from EEPROM
  loadCredentials();

  // If no saved WiFi → start portal
  if (ssidSaved == "") {
    Serial.println("No saved WiFi credentials.");
    showWiFiPortalMessage();
    shouldStartPortal = true;
  } else {
    // Try connecting to saved WiFi
    Serial.println("Connecting to saved WiFi...");
    display.clearDisplay();
    display.setCursor(0,0);
    display.println("Connecting WiFi...");
    display.display();

    WiFi.begin(ssidSaved.c_str(), passSaved.c_str());

    unsigned long startAttempt = millis();
    while (WiFi.status() != WL_CONNECTED && millis() - startAttempt < 7000) {
      delay(500);
      Serial.print(".");
      display.print(".");
      display.display();
    }

    if (WiFi.status() != WL_CONNECTED) {
      Serial.println("\nFailed to connect to saved WiFi!");
      showWiFiPortalMessage();

      shouldStartPortal = true;
    } else {
      Serial.println("\nWiFi Connected: ");
      Serial.println(WiFi.localIP());
      display.clearDisplay();
      display.setCursor(0,0);
      display.println("WiFi Connected!");
      display.display();
      delay(800);
      // configure time only if WiFi connected
      // On ESP8266: configTime exists; daylightOffset_sec may be unused but pass it
      configTime(gmtOffset_sec, daylightOffset_sec, ntpServer);
      showWelcomeAnimation();
    }
  }

  if (shouldStartPortal) {
    startConfigPortal();
  }
}

// ---------- Loop ----------
void loop() {
  unsigned long now = millis();
  bool pressed = isPressed();

  // Handle long-press reset button (5 seconds)
  static unsigned long pressStart = 0;
  static bool buttonPressed = false;
  if (digitalRead(RESET_BUTTON) == LOW) {
    if (!buttonPressed) {
      pressStart = millis();
      buttonPressed = true;
    }
    if (buttonPressed && millis() - pressStart > 5000) {
      Serial.println("Reset Button Hold → Opening WiFi Portal");
      shouldStartPortal = true;
      if (!portalActive) startConfigPortal();
    }
  } else {
    buttonPressed = false;
  }

  // If portal active, let it handle clients
  if (portalActive) {
    server.handleClient();
    // While portal is active we do not run the rest of the clock loop
    delay(10);
    return;
  }

  // Normal clock touch logic
  if (pressed && !touchActive) {
    if (now - lastTouchMillis > DEBOUNCE_MS) {
      touchActive = true;
      touchStartMillis = now;
      lastTouchMillis = now;
      displayingAnimation = false;
      currentStage = 0;
    }
  }

  if (!pressed && touchActive) {
    touchActive = false;
    unsigned long releaseTime = now;
    unsigned long held = releaseTime - touchStartMillis;
    Serial.print("Held: "); Serial.print(held);
    Serial.print("  Gap: "); Serial.println(releaseTime - lastReleaseTime);

    displayingAnimation = false;
    currentStage = 0;

    if ((releaseTime - lastReleaseTime) < 800000 && held < 1000) {
      is12HourFormat = !is12HourFormat;
      digitalWrite(Buzzer, HIGH);
      delay(300);
      digitalWrite(Buzzer, LOW);
      display.clearDisplay();
      display.setTextSize(1);
      display.setCursor(20, 28);
      display.println(is12HourFormat ? "12-Hour Format" : "24-Hour Format");
      display.display();
      delay(1000);
      lastReleaseTime = 0;
    } else {
      lastReleaseTime = releaseTime;
    }
  }

  if (touchActive) {
    unsigned long held = now - touchStartMillis;
    int stage = getTouchStage(held);

    if (stage != 0 && stage != currentStage) {
      displayingAnimation = true;
      currentStage = stage;

      switch (stage) {
        case 1:
          playAnimation(frames1, sizeof(frames1)/sizeof(frames1[0]));
          break;
        case 2:
          playAnimation(frames2, sizeof(frames2)/sizeof(frames2[0]));
          break;
        case 3:
          playAnimation(frames3, sizeof(frames3)/sizeof(frames3[0]));
          break;
        case 4:
          displayingAnimation = true;
          enterSleepMode();
          return;
      }
    }
  }

  // If not showing animations, show clock
  if (!displayingAnimation) {
    struct tm timeinfo;
    if (!getTimeNow(timeinfo)) {
      // time not available; skip showing clock (you may attempt retry)
      delay(200);
      return;
    }
    float temp = dht.readTemperature();
    float hum = dht.readHumidity();
    showClockAndSensors(timeinfo, temp, hum);
  }

  // Keep handling server clients in case portal gets started by button while running
  if (portalActive) server.handleClient();

  delay(200);
}

// ---------- WiFi Config Portal ----------
void startConfigPortal() {
  if (portalActive) return;
  portalActive = true;
  Serial.println("Starting WiFi Config Portal...");

  // Stop any STA connection first
  WiFi.disconnect(true);
  delay(200);
